265,3
265,2
265,1
265,0
264,5
264,4
264,3
264,2
264,1
264,0
263,6
263,5
263,4
263,3
263,2
263,1
263,0
262,6
262,5
262,4
262,3
262,2
262,1
262,0
261,6
261,5
261,4
261,3
261,2
261,1
261,0
260,4
260,3
260,2
260,1
260,0
259,4
259,3
259,2
259,1
259,0
258,4
258,3
258,2
258,1
258,0
257,3
257,2
257,1
257,0
256,3
256,2
256,1
256,0
255,4
255,3
255,2
255,1
255,0
254,4
254,3
254,2
254,1
254,0
253,4
253,3
253,2
253,1
253,0
252,4
252,3
252,2
252,1
252,0
251,4
251,3
251,2
251,1
251,0
250,4
250,3
250,2
250,1
250,0
249,4
249,3
249,2
249,1
249,0
248,3
248,2
248,1
248,0
247,4
247,3
247,2
247,1
247,0
246,3
246,2
246,1
246,0
245,3
245,2
245,1
245,0
244,5
244,4
244,3
244,2
244,1
244,0
243,3
243,2
243,1
243,0
242,4
242,3
242,2
242,1
242,0
241,3
241,2
241,1
241,0
240,5
240,4
240,3
240,2
240,1
240,0
0,310
0,305
0,308
0,307
0,302
0,304
0,303
0,12
0,10
0,8
0,0
0,417
0,416
0,300
0,415
0,414
0,299
0,561
0,499
0,298
0,560
0,413
0,297
0,559
0,412
0,296
0,532
0,411
0,295
0,375
0,498
0,294
0,533
0,410
0,293
0,530
0,409
0,292
0,497
0,407
0,291
0,496
0,406
0,290
0,529
0,495
0,289
0,528
0,493
0,288
0,527
0,405
0,287
0,464
0,404
0,286
0,543
0,403
0,285
0,526
0,361
0,284
0,525
0,400
0,283
0,492
0,402
0,282
0,399
0,398
0,281
0,397
0,396
0,280
0,395
0,394
0,279
0,393
0,392
0,278
0,391
0,277
0,389
0,388
0,276
0,524
0,491
0,275
0,523
0,387
0,274
0,522
0,386
0,273
0,460
0,385
0,272
0,521
0,490
0,271
0,489
0,384
0,270
0,488
0,383
0,269
0,551
0,268
0,540
0,381
0,267
0,541
0,487
0,266
0,539
0,486
0,265
0,572
0,380
0,264
0,518
0,379
0,263
0,520
0,378
0,262
0,517
0,485
0,261
0,574
0,377
0,260
0,515
0,360
0,259
0,514
0,570
0,258
0,571
0,374
0,257
0,513
0,482
0,256
0,558
0,255
0,483
0,373
0,254
0,479
0,372
0,253
0,478
0,371
0,252
0,550
0,251
0,477
0,370
0,250
0,549
0,463
0,249
0,566
0,368
0,248
0,456
0,367
0,247
0,557
0,474
0,246
0,565
0,245
0,472
0,366
0,244
0,573
0,365
0,242
0,473
0,364
0,241
0,363
0,240
0,548
0,454
220,0
0,382
0,390
220,1
0,408
1,0
0,437
1,3
1,1
0,476
221,0
0,481
0,494
221,3
221,1
0,544
0,555
220,4
3,1
217,0
217,1
217,3
219,1
219,2
220,2
221,2
222,1
222,2
223,0
223,2
223,3
224,0
224,1
224,3
225,1
225,2
225,4
226,0
226,2
226,4
227,0
227,2
227,3
229,0
229,1
229,3
231,0
231,1
231,3
231,4
234,1
234,3
234,4
236,1
236,2
236,4
239,0
239,2
239,4
239,5
239,6
239,3
239,1
236,3
236,0
234,2
234,0
231,2
229,4
229,2
227,4
227,1
226,3
226,1
225,3
225,0
224,2
223,4
223,1
222,3
222,0
219,3
219,0
217,2
3,3
3,0
0,554
0,542
0,484
0,480
0,475
0,441
220,5
0,401
220,3
0,369
2,1
0,330
2,3
0,322
2,0
0,243
0,9
0,239
0,470
0,362
0,238
0,512
0,567
0,237
0,547
0,453
0,236
0,452
0,359
0,235
0,511
0,465
0,234
0,510
0,568
0,233
0,575
0,358
0,232
0,462
0,357
0,231
0,461
0,356
0,230
0,466
0,355
0,229
0,459
0,354
0,228
0,458
0,353
0,227
0,509
0,531
0,226
0,457
0,352
0,225
0,538
0,351
0,224
0,508
0,350
0,223
0,455
0,349
0,222
0,556
0,221
0,507
0,451
0,220
0,516
0,348
0,219
0,344
0,347
0,218
0,519
0,346
0,217
0,506
0,345
0,216
0,537
0,569
0,215
0,505
0,343
0,214
0,471
0,342
0,213
0,469
0,341
0,212
0,546
0,340
0,211
0,536
0,339
0,210
0,449
0,338
0,209
0,448
0,337
0,208
0,450
0,336
0,207
0,446
0,447
0,206
0,445
0,335
0,205
0,444
0,334
0,204
0,443
0,333
0,203
0,442
0,332
0,202
0,468
0,440
0,201
0,564
0,504
0,200
0,563
0,331
0,199
0,439
0,467
0,198
0,438
0,329
0,197
0,553
0,328
0,196
0,503
0,436
0,195
0,545
0,435
0,194
0,376
0,327
0,193
0,434
0,326
0,192
0,433
0,325
0,63
0,432
0,324
0,62
0,431
0,323
0,61
0,430
0,321
0,60
0,429
0,428
0,59
0,562
0,320
0,58
0,427
0,319
0,57
0,426
0,318
0,56
0,535
0,317
0,55
0,534
0,502
0,54
0,501
0,425
0,53
0,500
0,316
0,52
0,552
0,315
0,51
0,423
0,314
0,50
0,422
0,313
0,49
0,424
0,312
0,48
0,421
0,311
0,47
0,420
0,309
0,46
0,419
0,306
0,45
0,418
0,301
0,6
0,5
0,1
0,11
0,4
0,2
0,3
0,7
